5 17 3 7 8 9 10
5 33 1 3 6 13 20
5 45 9 14 15 26 39
6 89 6 8 30 36 37 52
6 80 11 16 18 30 54 75
6 52 9 16 22 31 45 49
7 85 3 17 32 34 39 41 74
8 169 9 21 38 41 63 92 94 97
8 56 6 9 23 31 35 38 47 48
8 68 2 4 17 21 22 48 54 59
9 54 6 10 17 19 21 28 38 41 45
9 73 1 7 12 13 15 28 32 34 68
9 115 2 6 11 14 24 32 63 65 78
9 195 4 12 25 30 37 49 70 77 79
9 86 1 14 35 39 44 57 62 73 82
10 191 2 6 9 13 14 22 29 55 56 89
10 105 13 28 35 39 43 50 70 72 85 96
11 210 4 5 9 21 28 32 37 38 45 48 75
11 96 6 7 36 42 49 50 61 71 86 95 98
12 135 13 22 26 32 41 45 64 72 77 88 90 96
12 142 7 13 24 25 37 57 58 68 82 83 86 87
12 71 4 14 19 22 30 39 41 45 53 55 56 64
12 144 2 45 48 53 59 62 69 79 80 83 85 86
12 129 4 21 46 48 54 57 60 63 70 72 74 87
13 165 11 12 15 25 30 38 51 55 58 62 64 89 92
14 292 7 21 42 45 50 60 64 67 69 78 80 81 92 99
14 78 12 13 15 32 34 38 43 46 51 52 55 56 67 73
15 163 6 7 16 26 31 35 37 46 48 54 57 72 84 87 92
15 310 2 4 13 24 26 30 37 38 40 43 47 56 63 76 77
15 250 8 13 21 31 34 37 47 53 55 61 62 65 69 82 91
16 118 1 21 26 31 39 45 50 56 61 62 65 72 73 75 79 80
17 187 13 15 17 19 20 21 24 33 40 48 52 71 79 80 82 89 97
18 353 3 5 12 13 15 17 23 25 28 29 37 38 45 48 63 71 73 98
18 55 8 11 13 14 15 19 20 24 26 32 34 36 39 41 44 47 49 50
18 332 6 8 9 10 12 15 20 24 25 26 29 35 40 42 47 61 82 92
18 159 11 14 20 25 36 38 39 41 43 49 56 57 67 69 76 77 85 90
19 148 4 10 12 20 25 30 34 40 42 52 54 62 69 75 84 85 86 87 88
20 265 9 10 14 21 25 28 29 35 36 42 54 57 59 67 68 72 76 84 88 96
22 470 2 5 6 19 20 21 23 28 33 37 41 43 48 60 62 68 72 84 86 91 97 98
22 69 1 4 7 10 13 16 17 18 22 29 31 33 37 40 42 43 52 56 57 59 62 63
23 130 2 10 11 12 16 21 22 27 41 44 48 50 54 63 67 69 71 72 74 81 94 96 99
24 193 5 6 10 14 19 23 28 33 38 42 52 54 56 60 62 72 74 81 83 85 86 87 90 97
24 257 3 13 17 18 19 21 26 33 36 44 59 61 65 67 68 70 71 77 81 82 83 90 97 99
25 536 2 10 14 25 29 40 44 52 53 54 56 57 58 59 64 65 69 74 77 80 84 88 92 97 99
25 286 8 12 13 17 19 21 24 26 32 40 42 45 49 62 65 66 68 71 77 78 83 87 95 98 99
26 71 4 5 9 19 21 22 23 24 25 28 29 31 34 38 39 43 46 47 50 53 54 60 62 63 66 68
26 489 2 6 10 15 18 19 23 27 32 36 37 50 51 54 57 61 68 70 71 77 81 87 89 91 94 97
27 536 2 5 10 11 14 16 19 20 28 31 38 44 61 63 66 69 71 72 73 77 78 82 85 88 89 90 92
27 433 1 3 7 10 18 19 22 28 34 35 48 52 57 58 61 65 70 72 73 75 76 86 88 89 91 94 95
27 189 2 8 12 13 16 29 31 34 41 43 45 47 55 57 63 66 67 72 73 77 79 80 81 83 89 90 95
28 275 6 7 12 15 24 25 29 30 33 34 38 42 44 46 52 54 64 65 66 69 73 76 78 80 82 88 93 95
28 309 6 7 9 12 14 15 24 26 32 38 43 45 48 52 53 56 61 65 66 76 77 82 86 88 90 95 98 99
28 384 1 2 5 9 16 21 23 26 28 29 32 35 36 37 42 48 51 53 54 56 59 68 69 70 75 78 86 97
30 619 2 10 11 14 18 22 25 28 31 33 34 35 38 44 46 51 56 58 63 67 72 73 79 80 81 84 88 89 93 97
31 430 1 4 5 11 13 18 21 23 26 27 28 30 40 46 49 53 55 58 59 60 64 65 66 67 72 74 79 89 90 91 98
31 95 1 5 11 12 15 17 19 22 25 27 28 29 30 32 34 49 51 53 67 68 73 76 77 78 82 83 84 85 89 95 99
33 696 2 3 5 11 12 14 16 20 21 26 34 35 36 38 41 43 44 45 48 51 55 57 61 63 68 72 76 81 83 86 91 94 95
33 646 4 9 12 16 19 20 26 32 35 37 38 39 43 47 50 52 55 59 60 61 64 65 69 71 73 76 79 83 87 90 91 96 98
33 583 2 3 4 6 11 15 20 21 22 24 28 32 39 41 43 46 47 49 50 56 59 64 69 72 73 76 83 84 89 90 92 97 99
34 615 1 10 11 12 14 18 19 21 26 28 29 32 33 35 36 38 39 40 41 42 43 48 55 62 64 65 66 68 71 72 80 86 95 97
35 694 5 7 12 21 23 24 25 31 32 33 38 39 42 43 45 49 50 52 56 57 58 60 62 65 71 72 73 74 75 77 82 88 89 91 97
35 297 7 11 12 16 18 19 26 27 31 32 33 37 38 41 43 48 50 53 54 56 61 65 69 72 74 76 78 81 82 87 88 90 94 98 99
36 429 3 9 11 12 13 15 16 18 21 23 24 29 38 40 45 51 54 56 59 60 64 65 67 68 69 73 74 76 78 80 81 82 84 89 92 98
37 787 1 2 4 6 7 9 14 15 27 28 32 34 37 42 45 48 49 52 56 57 58 61 62 64 65 67 68 70 77 78 82 85 89 90 94 95 96
38 693 4 5 12 17 21 23 26 27 30 32 34 35 37 41 42 43 45 48 50 51 54 57 58 59 65 69 72 73 80 81 82 88 89 91 94 96 98 99
38 424 1 3 4 7 15 19 20 22 26 27 30 34 35 36 37 44 45 46 47 48 51 53 62 64 65 67 72 74 76 81 88 90 92 94 96 97 98 99
39 624 2 3 8 9 10 18 19 21 22 24 25 28 35 39 40 44 46 49 52 55 60 61 62 64 67 71 74 75 77 79 83 85 87 90 91 92 95 96 99
40 834 3 7 9 17 19 20 21 28 30 33 34 36 44 45 46 49 50 52 55 59 60 61 62 63 65 66 67 69 70 78 79 82 83 87 88 92 93 94 95 97
40 392 1 3 4 5 8 9 12 13 14 23 24 25 34 49 53 54 55 58 60 61 63 64 66 67 69 72 73 74 76 77 79 80 81 85 86 87 88 93 97 99
41 546 1 6 10 11 12 16 18 20 26 32 34 38 43 44 46 51 53 54 55 57 58 61 62 64 67 70 71 72 75 79 80 81 82 84 86 87 88 90 91 96 99
42 388 1 2 5 6 8 10 13 18 24 26 27 28 29 30 32 34 37 41 42 45 46 49 50 51 52 54 55 58 59 64 68 69 71 72 80 85 86 87 90 92 93 96
42 799 1 3 4 6 7 9 11 13 16 19 21 24 29 31 32 37 40 42 43 44 48 52 53 56 58 64 67 69 70 71 76 77 78 80 81 82 83 84 85 88 90 93
42 385 1 3 8 10 17 22 25 26 29 34 36 37 39 40 42 46 47 48 50 56 58 60 62 63 65 68 70 72 73 74 78 81 82 84 87 89 90 91 95 96 98 99
43 385 3 4 9 11 12 13 14 16 18 22 24 25 28 29 31 34 35 36 38 41 44 45 46 47 49 50 54 57 64 65 66 70 72 73 74 75 77 78 81 82 90 92 94
44 133 2 4 6 7 9 11 13 15 16 17 19 20 21 22 26 28 30 31 34 37 38 40 41 43 49 52 53 62 63 64 67 68 69 70 75 78 79 84 85 87 90 91 96 97
44 546 3 5 6 9 10 12 14 15 16 18 22 23 26 27 28 31 32 33 34 35 37 40 41 43 44 45 46 48 50 52 56 58 64 68 69 73 76 82 83 85 86 89 97 98
44 541 2 3 4 7 8 10 13 15 16 19 23 27 28 29 32 34 35 36 40 42 44 47 49 53 54 57 58 59 62 65 66 68 69 71 80 83 84 86 88 89 90 92 93 98
44 759 1 4 8 9 11 12 20 21 23 26 28 30 31 33 34 35 37 38 45 47 51 53 57 58 59 61 62 64 65 68 69 73 79 80 81 82 83 84 85 86 88 91 97 99
45 744 2 4 6 8 9 10 12 13 15 16 19 25 26 28 33 34 37 42 45 46 48 50 52 54 55 56 57 58 59 60 61 64 66 70 75 76 81 82 83 88 91 92 94 97 98
46 177 3 4 11 12 14 15 17 22 23 24 25 26 29 32 33 35 36 37 39 43 44 46 48 51 52 54 57 58 59 60 63 68 69 72 74 76 78 79 80 81 82 83 84 87 88 97
46 292 1 2 7 8 10 12 13 14 15 17 19 22 26 29 34 38 39 41 42 43 44 46 48 50 51 54 55 57 58 60 61 62 67 68 73 74 77 81 82 83 84 85 86 87 88 90
47 719 1 2 3 8 9 10 11 12 13 16 18 19 20 23 24 25 26 28 30 32 35 37 38 39 42 44 46 52 55 57 58 59 63 65 71 72 74 75 80 81 84 88 91 92 96 97 99
48 343 2 4 5 11 12 15 18 19 20 21 23 26 28 31 33 35 38 39 40 42 43 47 48 52 57 60 62 64 65 66 67 68 69 70 71 72 73 75 77 78 79 82 85 86 88 90 93 98
49 192 4 6 7 8 9 11 12 15 18 20 21 22 24 27 28 30 32 33 34 35 38 39 40 45 46 47 49 50 51 52 57 58 62 63 66 68 70 71 82 83 84 85 86 87 90 92 96 97 99
50 248 3 6 8 10 11 12 16 17 19 21 22 23 24 26 27 30 32 35 38 39 41 44 47 48 49 50 51 52 53 54 55 56 60 62 65 66 68 69 70 71 74 78 82 83 84 88 89 93 98 99
50 121 1 3 4 5 6 7 9 11 15 21 24 25 27 30 31 32 33 35 38 40 42 43 45 47 48 49 50 51 52 54 56 61 64 65 67 68 70 73 74 79 80 81 84 88 90 92 93 95 97 98
50 878 2 3 4 6 8 10 12 17 18 19 23 24 28 30 32 34 35 36 37 38 39 41 42 43 44 45 47 52 53 54 55 56 59 60 64 65 66 70 72 75 76 78 82 85 86 87 89 90 94 95
50 715 1 5 7 8 12 13 14 16 17 19 20 24 28 29 31 35 37 42 45 46 49 52 53 54 55 57 58 59 60 61 63 64 65 68 70 72 74 76 77 78 80 85 86 87 88 91 92 93 96 97
50 751 1 2 4 6 7 9 10 12 13 14 17 19 22 23 25 26 27 28 30 31 34 37 40 42 47 48 49 50 51 52 56 57 60 63 64 65 68 69 72 73 75 76 78 81 82 88 89 91 93 94
51 400 1 2 3 4 9 10 11 12 14 15 16 18 19 23 24 26 27 33 39 40 42 43 44 47 49 51 53 54 57 61 62 63 67 68 69 70 71 72 75 77 79 83 85 86 87 89 90 93 95 96 98
51 873 1 3 4 5 7 8 12 13 15 16 17 18 19 20 21 22 23 27 29 30 32 33 38 39 40 42 44 46 48 49 51 53 54 56 58 63 68 69 72 74 75 77 79 81 83 90 92 93 96 97 98
51 561 1 2 6 7 9 11 12 13 14 19 21 23 27 28 29 30 33 39 40 43 44 46 47 48 50 51 52 54 55 57 61 65 66 67 70 71 73 74 75 76 78 82 83 86 87 89 90 92 95 96 97
51 617 1 2 3 4 8 11 12 13 14 16 21 22 27 28 30 31 32 34 35 38 39 41 44 46 49 53 55 60 61 62 63 64 65 67 72 73 74 76 78 81 83 84 85 87 90 92 94 95 96 97 98
52 852 4 6 8 17 20 21 22 25 26 28 30 32 33 34 36 38 40 42 43 44 45 46 47 51 56 57 59 61 62 63 64 65 67 68 69 70 71 73 74 75 76 78 79 80 82 84 85 87 89 90 92 94
53 908 3 5 6 7 9 10 11 13 14 15 17 18 19 21 23 24 25 26 27 28 29 31 32 34 35 36 39 40 41 43 50 52 53 54 55 60 61 64 67 71 73 74 77 78 84 85 86 89 92 95 96 97 98
53 321 1 2 5 8 9 10 13 14 15 17 20 21 23 26 28 29 30 33 34 36 38 39 40 42 46 48 51 53 56 57 60 61 62 63 65 69 70 71 72 74 75 76 78 80 81 82 83 85 88 89 90 95 98
53 189 3 5 7 9 10 12 13 14 16 18 19 20 22 25 26 27 29 30 31 32 33 34 35 36 38 39 41 42 44 47 48 49 51 57 59 60 64 67 69 72 76 77 78 79 81 84 86 88 89 90 92 93 96
54 364 1 2 3 5 7 8 9 10 12 13 15 17 21 25 28 29 30 32 33 36 40 41 43 44 46 50 52 54 57 58 62 63 67 68 70 71 72 75 77 78 80 82 83 84 86 87 88 91 93 94 95 97 98 99
54 612 2 4 6 7 8 9 12 16 17 18 20 25 30 31 32 33 34 36 37 38 39 40 41 42 44 47 48 53 54 56 59 62 63 65 66 67 70 72 73 75 78 80 81 82 84 86 87 89 90 92 94 95 96 98
54 1014 3 4 6 7 8 10 11 13 14 16 17 18 19 20 24 25 27 29 30 31 34 35 36 37 39 40 43 45 48 49 53 55 56 58 59 60 62 63 64 65 70 71 72 73 77 78 79 81 82 86 93 94 96 98
