5 24 15 5 21 3 16 4 3 4 8 1
5 24 20 4 15 5 6 4 1 1 1 2
5 24 16 3 10 3 8 2 4 1 2 5
5 24 13 1 15 5 17 3 0 4 5 5
5 24 22 2 0 5 14 3 14 4 23 1
5 24 7 3 0 2 22 2 1 1 17 1
6 25 20 3 18 4 2 2 24 1 5 4 7 4
6 25 23 2 20 3 9 1 24 1 15 1 18 1
6 25 3 1 19 3 6 2 11 2 19 5 1 5
6 25 17 5 24 1 19 1 12 2 0 5 24 1
6 25 20 4 12 2 22 3 16 5 1 3 20 1
6 25 21 1 4 3 7 5 6 1 18 4 10 5
6 25 10 5 6 1 8 5 14 3 19 2 24 1
6 25 11 1 18 3 23 2 17 5 0 4 13 2
7 26 5 5 24 2 12 2 11 2 5 5 25 1 16 1
7 26 23 3 17 3 18 4 25 1 20 2 3 2 24 2
7 26 0 2 7 5 18 3 1 1 8 5 21 1 9 4
7 26 11 2 5 1 8 3 15 3 17 5 4 3 6 2
7 26 1 3 23 3 8 3 12 3 4 1 15 1 6 1
7 26 24 2 16 1 13 4 19 2 16 3 15 3 9 2
8 27 6 4 7 3 7 5 19 2 8 3 15 5 2 2 4 3
8 27 8 3 25 1 17 5 20 2 22 1 8 1 9 5 9 3
8 27 20 2 1 3 21 4 6 5 9 4 5 5 25 2 10 5
8 27 24 1 7 4 25 2 23 2 19 3 7 1 12 3 1 1
8 27 18 2 26 1 10 1 24 1 26 1 6 4 15 2 20 4
8 27 0 1 1 1 18 4 20 4 11 5 1 5 13 3 26 1
8 27 17 4 12 5 23 2 10 1 26 1 5 1 16 2 7 3
8 27 21 2 7 4 6 1 4 5 0 1 10 1 2 3 22 1
8 27 1 2 12 3 4 1 24 3 15 4 2 5 17 2 17 1
8 27 11 5 9 3 12 4 26 1 26 1 18 2 19 4 8 3
8 27 16 1 21 5 18 3 14 2 2 2 0 2 14 2 3 3
8 27 7 1 20 1 12 2 12 4 12 2 3 4 7 2 0 3
9 28 14 4 22 2 21 4 6 3 20 3 21 4 4 2 26 2 26 2
9 28 10 4 5 5 5 2 9 1 23 2 27 1 11 1 3 4 8 3
9 28 15 5 9 4 16 3 24 4 18 3 5 2 2 2 4 2 10 2
9 28 24 4 23 3 17 3 7 3 8 1 19 4 3 3 3 5 1 1
9 28 23 1 6 5 14 2 6 4 27 1 10 3 8 3 22 3 5 1
9 28 8 2 12 1 13 5 18 5 0 1 19 3 20 4 3 2 2 1
9 28 4 4 13 3 27 1 5 3 11 2 15 2 23 3 16 4 13 4
9 28 0 1 1 2 22 2 20 2 10 4 8 2 11 5 14 3 26 1
9 28 9 3 6 2 19 3 0 2 9 4 13 5 15 5 20 5 4 4
9 28 18 3 16 5 7 5 25 3 1 1 21 2 11 4 22 2 3 2
10 29 27 2 26 3 23 2 3 2 18 2 28 1 3 3 21 1 22 4 25 2
10 29 26 1 0 5 24 3 4 3 12 1 8 3 5 1 20 5 8 4 15 2
10 29 1 1 17 1 10 4 9 3 19 2 2 2 15 4 19 4 12 5 27 2
10 29 14 4 8 1 15 5 13 5 8 2 18 2 0 4 6 5 22 2 23 5
10 29 6 1 19 1 27 2 19 2 1 3 19 5 4 2 2 2 0 1 0 4
10 29 11 3 2 2 25 4 5 5 15 4 15 3 23 4 27 1 10 5 22 2
11 30 16 1 8 3 16 5 6 5 26 3 18 5 27 3 25 4 6 2 21 2 0 3
11 30 20 2 13 3 11 4 0 1 4 3 11 4 10 5 15 1 25 2 23 1 21 5
11 30 2 2 8 2 14 4 4 2 6 3 14 5 14 3 19 4 5 5 6 2 20 1
11 30 10 1 10 5 22 3 28 2 2 3 27 3 18 1 12 3 29 1 29 1 2 1
11 30 7 2 16 2 6 4 21 3 13 1 29 1 16 1 24 4 28 2 18 5 29 1
11 30 2 3 22 3 0 4 3 5 5 4 0 3 16 4 19 3 29 1 2 5 17 2
11 30 3 2 1 4 0 1 26 4 12 1 19 5 9 3 9 4 3 1 27 3 29 1
11 30 23 4 26 2 16 5 24 2 8 1 0 3 21 5 12 1 5 3 24 4 1 1
11 30 24 2 25 2 21 1 16 1 9 2 12 3 29 1 17 2 16 4 0 5 19 2
11 30 7 2 12 1 11 5 6 3 12 5 23 4 14 1 29 1 24 4 27 3 3 5
11 30 7 2 10 4 12 1 25 5 2 1 28 1 5 3 8 5 0 1 4 3 0 2
11 30 15 1 27 3 2 1 4 1 16 2 11 3 26 1 14 3 20 4 6 5 27 3
11 30 5 2 15 1 29 1 24 4 29 1 26 3 4 4 4 3 17 2 17 2 14 4
12 31 23 5 15 5 5 2 3 5 24 5 19 5 21 4 3 2 14 3 24 5 8 3 21 3
12 31 20 4 22 5 22 2 26 5 17 2 4 2 21 4 23 2 13 4 15 2 29 2 13 3
12 31 22 2 15 5 11 1 3 1 4 5 11 3 0 3 16 2 3 5 28 3 10 4 27 4
12 31 5 1 1 1 5 3 20 2 27 4 24 5 28 2 1 5 6 1 2 5 24 5 30 1
12 31 13 3 25 1 28 2 28 3 9 1 25 4 20 1 22 3 4 4 30 1 22 2 11 4
12 31 25 3 12 1 14 5 7 5 14 3 11 5 18 1 27 1 11 5 4 3 19 3 2 5
12 31 0 5 10 2 12 1 23 1 28 3 5 5 18 2 7 2 29 2 9 3 0 3 30 1
12 31 29 2 28 3 12 2 1 3 24 4 2 3 19 5 11 1 21 2 28 3 20 2 27 3
12 31 13 1 10 1 13 5 18 2 22 2 12 4 13 2 25 3 9 2 18 3 24 2 16 2
12 31 7 2 6 4 21 2 17 3 23 1 18 2 2 2 13 4 17 5 11 1 23 1 11 1
13 32 7 2 30 2 0 5 5 2 0 5 9 3 30 2 29 1 21 1 14 3 7 3 3 2 10 3
13 32 22 5 6 4 11 5 22 5 21 2 12 2 25 5 1 5 3 2 2 2 0 3 17 1 29 1
13 32 6 1 1 5 15 4 29 3 20 3 4 1 8 3 18 3 20 3 13 2 22 5 9 3 18 3
13 32 0 4 28 4 31 1 13 2 20 4 12 2 13 4 15 1 19 5 15 1 27 5 4 3 19 1
13 32 5 2 9 1 26 4 23 2 13 5 10 5 29 1 20 3 0 1 9 5 12 5 5 3 7 4
13 32 29 3 25 5 21 3 31 1 20 5 30 2 6 1 29 3 10 4 19 4 15 2 13 4 21 3
13 32 21 1 30 1 10 3 18 1 13 4 18 5 10 2 16 2 18 5 18 1 5 1 2 2 13 4
13 32 14 3 12 2 4 4 27 4 3 4 9 1 5 2 16 2 14 2 9 2 14 4 24 1 5 5
13 32 0 3 0 5 1 1 9 3 15 5 12 2 30 2 3 3 19 5 30 2 16 4 15 5 31 1
13 32 19 5 6 1 26 3 18 1 31 1 1 5 5 1 14 4 12 2 17 5 29 3 8 2 21 3
13 32 7 3 13 2 15 1 29 3 8 1 23 3 8 1 7 4 12 4 25 3 31 1 10 3 9 3
13 32 3 2 29 3 4 5 7 3 15 3 2 3 31 1 25 4 1 4 29 3 21 3 18 5 8 1
14 33 25 3 7 3 14 1 13 5 18 5 4 4 10 5 3 3 11 5 32 1 18 5 3 5 17 5 11 1
14 33 30 3 25 1 11 3 3 4 14 1 4 2 22 2 28 3 10 4 20 5 27 1 11 2 3 5 14 5
14 33 24 4 25 1 9 3 5 3 11 5 27 5 4 4 31 2 15 4 27 1 4 5 19 2 20 2 29 4
14 33 31 2 11 4 17 3 12 5 16 4 27 5 27 3 28 5 30 1 13 1 18 2 3 3 28 4 9 3
15 34 31 3 10 4 25 5 11 3 30 4 8 2 7 2 32 2 0 3 31 3 1 4 23 4 28 2 33 1 24 3
15 34 32 2 12 4 8 1 7 4 8 3 24 1 32 2 30 3 8 3 18 1 32 2 19 4 26 1 10 5 17 1
15 34 29 3 33 1 24 2 14 1 3 2 29 1 32 2 8 4 5 1 24 4 2 4 8 5 17 1 17 2 16 3
15 34 29 2 30 1 15 1 12 2 14 4 16 4 31 3 3 4 26 4 13 4 30 3 15 5 30 3 19 4 17 1
15 34 31 2 0 1 28 3 9 1 6 4 26 4 32 2 17 4 5 4 7 3 22 1 19 4 4 4 12 2 7 4
15 34 5 2 5 4 6 2 4 2 28 2 14 3 24 2 20 2 12 1 5 1 13 4 2 1 17 5 30 2 11 1
15 34 22 2 17 5 3 1 16 3 5 5 18 1 16 1 3 3 2 3 23 2 20 2 24 5 20 5 6 5 29 3
15 34 28 3 14 3 28 1 20 5 16 5 3 1 10 5 16 3 20 2 28 1 2 5 8 5 18 3 31 2 23 3
15 34 4 4 13 4 19 5 14 2 1 1 32 2 27 1 24 2 11 3 5 3 13 5 0 2 26 2 7 2 15 2
16 35 19 1 30 1 26 2 15 2 1 2 32 3 28 3 26 4 29 2 25 5 3 4 6 5 19 5 18 1 22 3 30 3
16 35 33 2 18 4 24 5 21 3 22 5 20 3 26 4 27 2 16 2 14 5 13 2 34 1 7 1 30 5 13 2 14 4
16 35 29 4 15 5 3 3 22 2 12 2 22 5 10 4 19 2 14 1 33 2 13 4 6 5 16 4 30 3 20 4 8 4
17 36 9 3 12 4 28 3 1 3 21 4 17 2 13 3 17 2 18 1 11 1 9 1 8 2 0 1 20 3 12 3 6 3 5 3
