4 8 2 6 3
4 11 9 1 3
5 4 5 5 10 7
9 1 8 16 5 11 18 1 21 10
10 22 19 8 2 16 26 9 6 7 28
13 21 16 35 29 32 4 19 15 31 16 13 25 37
19 37 40 9 2 13 20 50 57 51 46 38 48 10 52 17 9 2 20 6
19 36 37 35 27 27 46 12 51 20 11 20 57 34 26 3 37 22 45 10
21 4 47 29 29 18 51 49 47 56 25 26 31 37 13 27 60 55 27 47 6 53
23 68 56 6 24 22 56 53 38 26 37 32 36 48 44 26 66 50 46 7 18 47 44 59
23 23 33 65 61 14 4 40 48 35 30 45 53 55 57 27 17 34 2 59 67 67 18 20
26 8 63 63 6 7 78 26 24 62 5 7 19 77 41 22 4 18 39 23 29 62 53 48 68 39 71
29 51 52 18 74 35 22 29 82 83 56 43 5 83 30 64 78 46 11 37 16 87 43 80 64 36 59 63 55 50
31 23 36 40 84 91 3 9 45 49 8 31 57 49 56 60 61 27 20 67 81 19 66 80 39 92 66 60 57 29 42 27
33 76 32 3 67 99 21 94 73 59 8 34 12 12 59 67 49 66 85 75 53 57 61 97 21 78 72 53 82 82 46 64 49 20
34 38 2 14 82 96 11 55 21 49 57 77 28 95 101 42 66 34 26 36 31 51 3 63 96 37 51 73 18 15 56 41 31 51 23
36 67 100 29 6 100 43 108 103 11 20 52 54 81 22 61 62 70 25 48 42 83 33 65 55 103 104 15 27 30 47 33 30 101 9 12 34
38 108 75 21 102 62 5 27 110 47 79 109 53 38 54 81 90 50 11 82 7 105 34 39 66 108 106 74 90 32 71 90 110 103 80 50 37 22 30
41 43 38 10 109 119 43 97 91 92 110 76 109 29 26 8 100 79 51 54 12 95 119 37 38 25 14 21 85 99 119 29 39 116 62 122 70 56 109 116 48 72
42 105 55 7 122 8 88 39 113 94 65 55 74 110 101 113 121 77 78 9 70 26 9 72 40 117 78 22 101 24 58 76 66 104 3 23 53 96 19 77 20 66 59
42 102 119 113 81 71 113 99 62 68 39 60 117 124 36 19 34 89 62 98 97 62 51 126 23 34 46 63 109 126 29 109 6 88 19 44 104 35 27 64 126 102 27
45 59 105 6 132 64 101 65 2 25 74 15 116 106 86 120 14 29 49 114 124 51 50 16 49 63 10 54 16 7 68 9 133 101 91 36 82 130 132 89 7 31 19 100 97 9
48 74 52 84 115 6 121 33 27 109 59 121 30 78 57 110 108 128 113 11 119 95 115 22 51 139 73 1 8 66 92 50 13 132 101 131 96 12 84 20 59 114 78 75 130 49 84 57 142
49 127 29 126 92 133 141 22 55 8 118 44 56 74 126 91 3 4 52 71 83 31 56 109 58 131 35 10 105 33 100 4 135 83 95 39 91 81 116 48 61 87 14 27 54 135 68 99 60 80
50 136 32 82 146 1 92 71 108 123 104 134 130 3 82 33 95 116 89 48 99 55 141 62 19 41 60 35 64 1 41 74 68 149 70 99 118 108 98 130 96 14 85 55 145 5 21 6 15 37 110
52 86 92 43 48 61 5 69 39 30 87 31 30 104 95 123 49 70 149 92 58 91 66 92 83 12 150 29 99 20 95 110 81 147 155 44 70 49 13 40 49 46 109 12 74 19 17 96 18 47 75 58 10
53 23 50 125 146 73 125 96 145 134 57 128 60 70 101 60 61 53 75 119 7 96 138 86 80 117 68 104 132 6 152 41 3 60 153 124 36 36 75 144 10 131 156 123 11 104 91 113 113 52 111 147 129 71
53 56 127 112 96 108 88 130 18 128 12 6 132 99 73 33 48 157 124 13 149 120 79 119 115 32 54 151 86 101 21 121 22 140 137 135 93 41 86 132 100 56 34 122 130 106 49 137 6 54 53 33 20 52
54 41 109 74 123 132 33 25 138 146 93 50 37 56 2 86 76 146 142 24 8 34 37 2 68 85 95 97 36 36 83 158 27 82 87 47 98 40 135 97 2 146 135 113 91 153 50 158 131 157 158 73 139 47 159
56 52 67 70 77 61 102 83 168 85 59 22 161 125 144 87 4 49 53 127 123 118 140 164 127 119 127 83 23 18 40 57 134 4 9 50 108 163 89 101 21 64 66 155 117 147 34 106 68 157 38 81 33 100 41 78 29
58 19 9 146 34 117 77 155 24 128 164 12 139 88 108 97 49 60 145 139 42 100 15 123 174 77 151 112 46 23 94 139 104 48 40 170 17 2 6 16 62 124 64 71 21 118 16 47 118 77 1 76 3 43 54 82 29 54 27
63 97 172 34 98 18 99 79 13 93 155 79 137 52 106 4 167 145 133 58 105 157 69 108 154 85 16 25 37 81 34 188 6 62 45 94 40 139 99 58 183 97 103 108 90 133 141 83 118 61 40 96 129 43 155 167 3 138 85 137 151 61 50 110
66 15 119 76 86 137 136 181 78 95 137 6 59 129 176 183 133 39 116 149 12 178 107 193 109 5 139 36 81 123 151 189 113 128 71 178 197 123 58 45 115 118 1 53 67 10 148 63 165 141 151 113 21 116 11 180 184 10 126 107 142 80 100 99 101 30 82
70 2 24 64 152 208 38 201 199 11 9 58 87 181 4 49 189 210 201 162 23 207 15 175 67 86 72 101 125 142 194 104 170 45 2 119 180 36 148 167 193 105 152 73 37 93 197 61 167 22 84 202 113 81 50 50 210 13 49 191 169 25 141 24 156 108 96 40 191 137 68
70 8 171 202 66 100 141 182 62 148 151 166 117 45 139 8 148 164 157 93 146 118 182 200 8 77 55 92 44 126 46 21 135 64 157 126 175 132 83 164 2 27 201 31 129 188 56 109 39 114 102 86 17 152 149 53 110 55 169 171 202 158 198 130 158 15 95 51 113 3 3
72 208 70 194 52 87 44 62 64 2 205 82 125 45 39 26 149 174 105 57 18 206 59 93 57 19 146 140 140 130 141 91 129 164 24 80 88 139 136 18 164 14 148 71 216 139 79 212 185 142 53 18 47 93 158 186 202 42 186 105 101 72 216 141 144 214 191 17 130 145 34 69 161
74 144 70 34 134 158 60 158 8 199 158 199 174 149 148 102 112 134 191 106 172 187 215 205 51 172 116 113 99 48 196 200 109 106 164 113 25 42 152 64 10 162 206 87 106 212 194 199 137 165 129 123 138 81 178 186 160 19 197 16 171 108 151 114 98 199 178 43 183 73 210 3 2 50 72
74 180 197 8 168 145 220 185 54 36 32 147 90 142 123 54 68 80 132 61 64 7 111 63 89 31 130 182 19 221 32 63 185 160 83 127 180 127 119 191 87 105 165 149 74 145 12 219 38 16 95 56 74 200 126 39 207 201 123 67 104 34 220 192 64 151 196 70 185 171 157 144 164 202 89
75 93 74 221 207 207 115 114 158 181 165 141 108 221 37 56 77 208 139 123 19 115 65 11 124 148 80 205 59 151 147 224 101 180 131 223 144 163 76 141 63 207 141 152 133 147 164 47 133 204 134 131 166 23 201 128 168 20 49 200 173 204 29 144 52 149 187 71 32 125 23 62 66 147 174 35
76 192 222 89 135 198 177 62 54 82 151 224 179 106 224 186 155 155 201 63 63 153 2 158 204 15 48 40 61 28 185 65 98 87 93 116 111 81 4 83 168 197 111 147 61 37 15 98 168 152 89 26 85 175 60 176 25 172 128 83 166 205 228 129 25 47 158 172 22 153 151 98 12 150 78 128 21
78 89 86 165 151 209 128 12 33 61 126 216 68 212 215 204 102 200 63 34 170 33 130 20 137 24 204 19 171 53 118 91 221 132 226 229 92 144 122 223 184 213 182 89 180 93 229 92 181 11 171 22 197 211 198 84 184 27 55 6 23 222 105 230 119 140 85 132 224 104 93 113 110 39 27 14 232 39 209
80 144 157 211 144 205 68 110 133 99 190 75 26 105 140 219 200 22 170 195 24 176 23 49 120 66 2 37 114 158 191 50 189 71 101 43 197 38 121 226 210 203 31 59 38 76 141 84 2 85 93 12 227 47 110 20 178 80 169 117 158 4 116 30 76 163 40 100 110 138 117 96 230 235 220 194 178 232 53 110 99
82 219 168 183 121 229 147 103 80 7 73 7 233 166 91 218 26 237 152 229 194 9 223 237 172 171 68 35 104 66 174 212 243 118 236 159 183 119 114 210 84 235 205 63 120 43 76 159 84 112 42 220 128 135 246 222 205 230 185 89 204 155 176 39 236 124 234 171 30 63 18 191 231 55 225 204 200 106 115 104 89 163 187
82 147 48 102 9 15 239 79 15 31 203 54 230 202 148 173 193 101 154 119 109 25 218 8 184 192 151 43 161 246 173 25 66 65 231 148 21 61 235 241 204 56 26 59 40 33 191 64 157 107 174 52 36 227 178 63 24 130 237 114 138 212 80 91 119 194 56 147 47 194 37 128 65 190 66 33 176 144 223 183 223 232 195
87 53 202 145 106 170 110 96 150 172 26 205 99 156 241 204 167 143 179 70 77 172 74 56 36 147 109 235 6 192 20 221 205 129 232 261 209 88 208 42 235 173 203 21 129 225 210 239 250 153 118 260 206 261 164 37 205 92 38 90 189 252 224 171 142 121 127 218 126 147 210 43 149 259 55 157 172 176 250 52 7 23 180 164 231 89 155 251
90 173 119 2 199 30 77 134 10 47 121 88 32 62 22 80 254 20 262 226 137 103 255 8 97 257 120 128 61 59 23 258 184 133 118 205 193 159 39 196 95 259 154 224 18 11 99 256 156 86 2 219 74 199 10 265 193 172 204 173 204 59 27 242 270 97 215 224 114 260 82 251 225 186 124 110 254 237 23 47 223 201 266 26 147 187 205 97 41 210 152
91 213 183 45 53 99 30 139 121 252 193 19 252 93 42 140 183 92 29 273 29 149 247 128 210 57 152 1 251 75 209 30 124 136 41 241 49 85 95 188 125 178 217 61 156 57 225 39 251 109 167 235 228 143 89 125 172 55 46 108 104 120 1 139 210 78 170 217 254 149 176 5 203 103 126 222 79 102 3 34 131 200 146 227 207 273 136 125 251 117 187 88
91 273 240 2 232 19 217 76 57 247 223 87 256 69 117 134 93 255 14 19 270 187 262 200 210 243 73 246 3 226 216 257 126 227 176 108 65 173 68 42 16 135 107 14 109 202 23 99 164 28 219 147 75 185 148 16 193 260 105 186 30 272 183 165 86 219 13 117 16 225 81 29 74 191 74 212 115 112 143 83 64 266 231 239 110 76 214 208 171 21 142 76
95 259 140 5 49 252 210 60 95 178 130 166 189 280 159 15 124 25 190 238 53 69 262 84 188 256 179 222 66 193 260 53 218 2 64 221 171 10 94 272 156 105 204 6 201 93 242 270 1 145 142 265 89 276 184 174 21 146 20 218 279 209 67 278 64 124 173 126 103 44 266 133 141 211 31 42 225 122 197 7 37 234 167 190 188 81 98 134 218 246 39 234 16 168 114 223
96 40 214 145 135 144 198 64 93 76 272 268 273 3 111 72 100 226 210 13 208 115 86 232 73 257 56 122 20 31 50 83 44 117 228 284 215 79 217 158 223 175 122 59 214 16 180 44 1 72 105 253 237 231 244 117 258 281 176 31 5 284 282 24 41 90 46 84 186 114 130 169 35 62 220 179 136 172 145 204 19 228 239 257 185 196 255 27 220 111 128 232 133 14 116 90 134
96 193 257 53 153 13 43 120 134 159 113 62 92 268 183 261 92 99 170 285 86 252 72 203 38 28 251 146 245 273 272 261 250 126 214 65 233 190 268 154 14 18 104 143 276 197 118 104 173 186 84 119 61 257 196 99 98 173 128 258 124 216 242 215 89 21 243 271 114 51 214 124 149 170 146 90 126 209 74 256 282 260 51 84 191 75 98 265 131 282 114 43 11 260 116 269 68
97 162 219 103 237 76 77 122 199 199 106 265 120 288 95 28 71 8 198 207 30 252 117 244 117 5 84 49 213 204 207 77 84 58 244 82 276 1 95 166 113 238 61 21 184 111 10 235 71 169 117 130 123 136 26 27 242 165 234 278 170 133 132 97 283 213 76 110 91 168 183 105 17 54 284 102 183 18 20 117 254 207 251 149 275 257 4 53 67 98 26 80 60 271 54 39 273 45
98 65 220 62 11 65 125 49 50 148 180 83 275 92 84 127 96 167 147 55 188 110 166 127 16 125 249 109 183 278 253 31 167 69 144 88 9 270 58 258 194 154 164 160 195 169 91 155 123 136 206 149 74 270 153 44 58 16 235 187 254 207 186 247 56 152 6 111 130 217 196 272 293 161 73 28 219 87 123 153 21 100 150 114 148 195 3 47 47 294 104 126 263 73 37 47 101 286 168
100 241 248 123 82 42 64 152 247 255 175 192 136 65 265 243 16 182 18 25 293 287 134 181 19 297 79 236 223 164 287 204 196 94 293 233 126 296 48 159 9 257 137 217 257 111 230 84 116 244 266 211 61 178 137 257 189 3 119 7 228 247 152 23 82 141 216 194 130 127 103 177 95 233 265 30 176 142 177 1 148 62 104 23 147 189 54 106 81 33 33 193 221 162 275 153 236 90 222 4 32
101 113 209 137 189 156 185 25 147 292 126 36 199 283 155 146 169 243 8 81 7 299 176 83 277 286 187 171 30 284 201 14 143 231 23 275 241 160 168 121 122 289 99 93 170 113 37 200 281 2 223 91 175 246 256 233 262 279 108 223 60 303 214 123 71 156 185 23 174 286 223 254 282 209 157 198 287 167 260 23 30 60 184 199 196 95 35 71 198 203 132 85 201 79 286 235 68 41 165 22 142 194
101 57 21 114 244 69 237 233 135 145 94 110 240 140 269 236 113 114 300 118 75 29 227 81 102 127 223 163 97 147 185 168 203 5 116 60 19 138 116 55 145 253 275 62 255 246 273 149 302 49 145 175 20 146 251 128 48 88 140 204 172 206 121 173 120 290 10 130 5 85 223 168 228 182 143 235 74 270 148 126 269 180 32 8 247 105 172 72 32 148 55 48 295 261 122 160 191 267 59 204 222 196
101 86 158 136 112 229 248 60 143 80 139 301 136 140 199 163 110 35 39 194 39 125 58 73 163 32 172 34 284 297 245 210 284 37 167 295 172 12 156 48 256 127 67 283 159 165 281 295 199 146 215 268 298 279 161 74 242 289 241 17 180 85 270 269 95 178 2 115 243 172 85 274 120 13 75 187 232 236 38 86 84 5 99 75 260 14 48 184 114 123 277 300 182 131 184 35 43 113 134 131 137 8
101 138 223 110 154 140 229 260 213 219 184 292 163 23 105 301 47 38 279 141 214 143 145 152 122 100 46 77 42 100 196 151 149 262 165 268 251 232 288 223 294 235 42 151 195 159 54 180 70 157 44 210 23 105 53 209 58 64 173 155 108 215 180 198 211 189 84 154 121 9 235 89 48 174 218 178 113 24 214 152 264 237 90 126 90 257 226 53 270 43 44 26 286 88 153 231 202 277 174 231 136 293
102 9 12 182 268 42 215 230 300 156 303 257 98 263 45 180 10 145 79 67 246 11 235 176 222 263 111 19 185 205 19 65 18 193 165 227 239 230 138 16 252 53 290 44 131 97 81 228 145 196 44 178 292 147 233 80 24 230 294 65 285 161 78 165 171 296 271 123 291 12 233 26 54 118 105 103 186 170 6 304 261 27 273 82 122 164 53 299 210 114 164 280 175 153 124 210 17 32 30 132 31 257 96
108 68 18 163 53 144 108 59 243 140 266 233 131 168 61 304 276 104 10 172 163 183 285 288 216 47 176 51 179 153 290 51 224 117 120 167 231 14 146 86 298 18 31 97 9 209 312 263 233 32 84 104 301 82 313 310 153 73 140 165 205 269 316 43 212 206 315 181 4 87 71 292 198 115 99 11 223 105 192 53 114 281 256 280 13 26 67 210 206 123 275 284 124 275 12 237 186 218 254 107 123 95 148 119 152 201 238 66 248
111 113 166 90 313 310 26 71 177 286 153 299 235 235 149 254 100 37 127 249 263 77 248 185 219 98 17 26 148 312 321 44 315 259 235 56 89 250 49 288 171 113 289 197 128 209 170 301 327 102 257 266 177 77 162 106 113 5 105 182 112 151 34 31 155 136 332 317 258 236 99 301 110 48 155 276 316 292 107 217 274 194 270 137 227 204 49 106 187 69 75 203 13 85 311 132 198 4 26 313 137 89 222 24 54 204 50 293 303 287 42 285
111 81 307 225 65 213 71 115 308 176 300 333 107 92 189 52 265 103 252 214 324 125 191 237 51 299 162 194 171 134 143 233 92 94 309 39 40 313 37 103 208 172 145 262 73 74 54 325 326 14 194 204 3 172 165 38 294 96 172 282 45 197 34 125 178 253 172 182 165 129 133 26 66 13 1 63 179 195 32 70 332 258 148 241 318 316 282 231 166 25 248 261 209 322 215 268 38 67 315 142 225 209 164 53 307 82 75 124 248 135 175 262
116 342 161 277 44 291 136 57 327 159 180 146 67 23 31 46 43 7 44 95 193 316 37 56 258 243 213 341 178 21 134 144 100 87 61 162 171 329 216 166 246 99 309 87 154 231 59 214 246 282 21 85 75 252 211 246 4 234 293 342 200 222 271 41 82 236 314 50 322 109 145 86 13 44 172 286 93 333 56 294 140 348 16 97 248 29 308 303 108 288 14 308 120 174 177 253 36 36 54 74 182 107 333 306 303 88 134 133 28 306 191 243 143 309 177 70 210
118 152 343 24 345 172 154 2 278 145 308 320 288 257 337 90 87 217 47 209 45 276 253 93 180 232 240 309 76 180 311 352 332 258 258 264 153 268 102 93 67 195 205 320 304 39 42 164 62 213 23 298 332 265 349 86 244 211 237 190 304 117 189 297 288 16 111 181 307 37 329 267 193 92 335 248 54 153 124 253 279 289 210 27 102 59 17 46 158 8 352 75 87 23 110 285 12 171 142 295 78 91 23 287 109 285 222 331 73 192 146 278 250 192 194 297 305 117 34
118 171 265 51 126 94 71 223 165 94 302 2 9 134 305 100 67 219 119 352 180 311 207 321 41 329 68 73 239 203 69 104 209 103 190 267 113 167 174 137 211 169 29 301 264 259 87 239 351 2 281 228 131 285 321 324 124 5 26 53 185 198 229 283 78 123 317 130 116 321 172 140 327 283 17 176 260 136 268 303 286 281 100 201 117 209 171 276 294 76 250 323 293 152 195 168 24 279 312 88 299 61 335 176 91 317 344 307 225 31 154 26 57 182 245 244 268 47 243
123 195 232 63 281 334 188 195 161 216 163 133 352 62 319 42 49 45 146 325 41 289 345 171 55 74 104 309 60 241 66 16 219 103 14 244 176 44 36 47 163 337 1 309 295 119 50 118 255 195 206 253 151 75 142 212 359 354 266 190 175 153 214 279 96 167 50 108 13 63 12 177 295 112 146 17 295 65 313 313 262 111 71 211 53 20 132 366 80 244 51 152 70 362 191 8 125 124 360 244 275 194 136 224 308 288 308 76 342 26 26 260 348 245 344 21 42 311 104 323 251 47 38 109
124 185 48 118 162 191 361 329 363 249 174 276 319 351 173 159 145 216 83 117 28 158 175 16 67 178 339 150 13 32 64 11 16 157 172 81 60 203 272 276 141 165 128 283 80 43 27 234 194 86 26 56 73 229 104 263 186 336 336 187 272 240 142 155 172 86 227 229 54 20 66 169 339 9 369 167 331 195 233 140 37 214 197 49 143 244 196 209 43 52 160 101 182 258 321 74 324 38 77 326 156 82 117 305 343 158 22 251 145 143 336 72 26 251 363 19 251 125 357 48 111 114 68 221 365
126 328 68 4 365 181 326 185 5 337 158 125 353 88 232 268 122 163 92 56 234 169 165 209 89 354 298 145 180 49 142 154 89 324 184 315 288 165 53 114 5 155 318 191 279 44 258 77 164 177 43 63 253 301 122 203 142 195 331 317 229 136 340 298 370 290 50 248 113 85 240 43 329 375 46 279 103 51 141 36 231 305 280 298 272 337 218 200 128 112 82 135 295 358 87 82 358 334 39 311 41 332 64 316 36 264 258 350 144 324 331 56 191 338 194 191 264 95 196 120 297 130 231 243 96 228 251
129 197 387 156 316 100 115 375 185 263 61 279 49 134 31 228 266 199 335 347 99 73 53 192 26 199 326 333 324 148 317 168 203 284 158 301 27 62 102 19 223 193 354 267 286 130 89 116 284 57 11 6 379 173 346 86 266 243 360 330 24 183 355 170 23 367 179 302 120 344 233 28 3 293 89 309 251 371 255 2 192 166 124 235 232 72 316 149 145 145 230 310 326 302 17 278 292 255 38 60 267 86 251 138 292 96 13 215 115 329 85 371 252 267 185 36 192 362 160 37 98 258 298 219 175 68 86 333 39 365
136 207 319 232 237 37 55 210 313 10 158 277 366 350 249 112 131 3 51 172 177 169 228 397 400 158 347 205 137 406 160 22 348 341 273 363 212 122 78 215 114 342 280 171 249 128 201 300 198 182 386 225 60 294 393 176 323 341 143 123 386 349 342 40 195 402 318 135 257 194 202 25 336 319 347 112 243 176 273 221 285 10 368 399 102 227 38 98 242 390 353 92 348 52 33 212 268 163 31 303 253 349 11 326 126 15 208 350 65 196 3 386 82 267 44 170 120 195 394 168 174 254 38 318 11 205 99 135 106 159 171 11 264 117 146 118 287
136 75 88 33 344 317 385 347 142 240 145 331 108 405 129 300 401 194 44 198 313 388 14 12 305 118 386 207 167 229 298 387 383 120 387 143 154 220 194 18 314 347 116 142 281 383 396 218 69 275 397 188 101 362 270 47 136 387 91 220 207 378 355 281 242 363 89 116 40 12 38 196 260 379 303 92 390 385 28 403 34 161 195 217 131 191 102 308 381 381 206 210 135 405 177 260 262 230 295 283 222 32 297 389 366 66 119 11 43 387 357 315 221 349 285 380 99 328 78 149 12 218 400 163 395 376 300 9 404 341 235 396 128 301 66 336 106
138 59 383 176 268 133 251 407 42 373 180 5 113 363 29 102 230 188 131 154 66 314 19 208 48 242 224 218 19 170 45 135 124 4 158 166 126 298 338 190 156 403 321 91 175 404 101 263 100 9 83 368 87 152 38 378 272 129 310 245 177 234 296 314 25 230 321 92 230 155 4 21 135 300 276 139 258 8 196 323 157 180 40 78 124 265 311 200 284 137 295 320 159 325 125 94 263 166 67 160 164 375 30 129 165 353 381 120 2 148 273 384 229 36 205 146 409 121 83 102 414 307 190 230 38 83 291 68 272 409 308 384 395 42 369 115 24 244 8
144 65 295 180 86 102 82 377 76 73 324 121 313 379 424 271 342 217 240 188 7 118 214 5 84 424 402 431 423 2 423 189 397 2 121 387 206 127 401 19 121 35 5 360 97 428 86 148 304 301 157 394 35 57 353 135 25 139 377 34 204 170 233 100 220 29 386 188 179 205 388 118 109 399 331 119 192 89 74 192 134 267 68 340 411 122 195 198 251 289 37 58 262 382 313 203 171 239 31 36 96 11 421 150 144 51 145 73 160 210 359 419 81 373 2 235 332 53 431 206 131 87 85 99 416 129 301 238 179 95 221 12 349 293 20 24 325 259 23 163 379 403 361 251 386
146 94 201 398 280 420 333 312 417 248 328 47 8 134 45 317 362 28 260 108 415 270 310 254 376 183 161 371 338 63 151 132 325 311 403 218 430 371 381 430 388 373 92 144 427 409 18 422 225 179 87 303 108 169 33 278 437 391 356 287 59 351 13 400 144 273 253 298 87 98 287 123 103 94 316 236 298 220 74 159 189 394 36 314 224 296 154 178 160 162 29 115 180 21 191 433 386 164 364 403 145 231 303 13 425 73 204 35 361 114 101 129 107 411 35 14 233 417 77 397 245 227 422 398 260 104 50 41 55 96 57 3 164 220 182 261 146 75 129 164 255 374 100 400 408 269 210
147 197 408 16 403 236 73 10 357 340 170 19 302 68 354 212 75 368 282 152 42 325 144 40 121 332 290 111 55 331 83 164 420 10 315 417 149 203 309 179 295 81 175 94 63 86 197 187 176 401 432 402 368 9 171 209 239 347 369 267 178 403 374 411 66 436 407 25 196 129 337 116 198 56 173 114 333 110 50 317 421 67 171 258 356 191 2 96 429 12 78 7 345 78 392 186 392 21 115 166 184 61 106 403 385 227 420 355 46 358 165 180 31 160 19 5 388 167 213 232 60 96 381 307 53 145 46 396 206 83 78 179 52 213 255 201 306 7 401 229 130 340 419 44 126 138 341 383
149 38 152 307 193 56 175 270 45 166 145 245 371 26 397 406 306 345 126 51 34 320 201 348 344 34 411 426 308 250 366 232 38 261 215 237 79 400 107 44 307 144 263 434 368 56 135 378 383 368 437 236 155 124 119 363 248 209 245 33 35 250 349 112 92 278 192 195 49 146 165 103 295 252 331 102 260 155 38 290 96 411 198 254 425 94 371 328 36 50 313 245 24 94 209 337 222 262 165 380 400 441 306 374 20 155 272 258 117 146 310 300 385 245 232 18 177 374 307 74 331 321 365 33 143 191 215 53 430 107 103 102 201 330 146 100 347 265 256 200 85 140 198 356 246 374 206 5 307 354
152 280 63 70 267 1 208 168 401 426 75 166 385 260 358 27 62 336 31 181 43 56 63 369 363 342 74 418 179 117 333 12 185 238 152 383 364 263 61 369 222 238 353 148 72 251 322 154 338 60 249 269 379 431 336 205 15 336 451 242 73 34 44 2 190 235 277 317 35 163 301 89 406 250 310 402 96 357 183 317 195 430 310 271 390 454 357 304 55 283 18 269 354 122 163 275 383 91 216 222 296 420 377 253 120 278 95 15 98 49 339 308 328 309 212 398 38 129 238 331 179 291 428 227 109 235 145 201 213 85 259 145 169 400 417 409 97 88 358 440 145 432 341 442 81 369 258 177 120 228 288 415 247
154 3 175 438 326 409 260 190 78 339 149 169 208 5 229 104 301 172 270 364 74 281 279 446 176 376 19 3 414 29 421 198 127 38 280 398 30 460 312 86 305 333 408 460 450 352 388 250 158 151 73 67 123 383 345 208 39 196 427 124 64 234 267 164 273 202 115 54 106 42 383 386 349 138 322 185 83 79 161 101 421 180 430 410 140 17 316 267 51 359 283 70 91 325 116 181 419 70 334 385 416 214 240 437 302 333 362 227 459 113 338 328 78 143 155 5 270 276 60 187 273 456 59 78 43 254 311 200 314 283 50 28 190 136 269 9 366 317 298 461 381 255 161 255 46 178 174 227 221 139 453 366 44 376 446
156 71 199 333 115 298 13 340 151 250 96 224 431 226 400 107 58 250 289 297 135 39 86 225 147 151 144 434 379 155 288 325 196 369 67 323 333 197 268 207 395 445 136 184 126 379 158 54 206 254 157 426 108 51 52 442 93 195 425 407 130 378 8 86 131 364 87 110 264 386 248 410 75 281 10 71 297 112 353 169 96 337 446 27 318 376 131 180 323 413 433 90 83 195 136 152 154 237 273 40 140 22 2 327 192 457 323 241 281 115 379 155 355 180 226 161 116 329 155 39 352 405 350 82 14 258 315 297 61 170 363 223 182 30 302 140 355 375 170 399 134 3 245 182 134 79 122 411 58 411 164 146 386 77 326 161 291
158 149 64 289 61 225 23 138 46 196 295 380 378 249 411 366 243 225 273 64 395 384 4 32 93 253 141 240 62 144 57 433 38 370 38 433 314 55 137 227 6 264 322 220 358 344 202 403 156 106 313 244 450 218 32 76 313 2 144 153 75 226 10 473 348 411 193 81 62 86 318 358 65 290 110 343 177 64 421 161 58 447 273 25 129 273 311 367 231 283 242 213 211 114 408 47 401 157 441 210 434 316 172 5 458 384 385 313 203 363 220 188 370 290 397 193 92 401 232 88 405 122 473 287 51 429 316 226 37 261 465 116 364 204 251 176 267 277 188 401 58 393 70 33 253 73 350 86 377 154 208 71 365 164 341 176 320 464 415
159 199 195 422 48 288 80 391 80 318 57 349 425 73 374 364 210 388 54 84 279 358 372 30 436 115 314 354 366 320 465 408 431 336 21 49 94 265 254 103 384 249 337 292 25 31 177 315 303 400 105 203 90 299 464 195 113 271 334 379 186 107 302 432 20 189 432 13 104 112 318 218 37 320 323 9 59 349 61 247 472 403 247 11 6 68 330 428 41 32 153 242 189 222 64 422 135 287 353 332 40 123 181 107 32 54 423 7 134 53 448 117 81 196 119 104 250 208 169 183 106 276 367 174 86 52 160 394 273 344 383 154 326 447 220 450 371 471 400 222 380 460 128 327 445 471 291 241 129 229 291 163 212 206 194 215 241 183 3 75
160 378 308 437 142 48 134 209 452 170 273 310 305 273 203 59 398 108 35 212 441 417 24 221 124 242 277 40 429 105 6 219 285 349 449 426 43 141 122 196 251 238 303 109 455 198 384 33 307 55 97 29 124 204 369 448 65 210 65 461 148 246 231 143 267 49 122 453 327 441 419 61 93 331 126 126 301 229 316 54 215 247 371 9 230 359 233 289 419 19 288 436 20 48 227 80 17 115 198 78 167 151 428 112 22 279 161 464 301 254 209 359 404 407 473 64 51 433 203 123 94 172 453 380 103 66 269 470 383 250 362 413 479 49 190 130 31 363 5 18 202 230 218 16 367 412 47 461 462 321 15 43 260 332 283 66 274 471 165 33 140
162 332 130 347 57 92 385 167 23 168 115 418 145 180 374 442 402 75 29 53 360 340 224 143 399 435 33 92 350 286 370 169 204 267 410 474 188 72 12 198 468 365 341 356 398 448 314 152 367 220 329 351 254 47 486 137 331 414 443 368 136 342 295 335 328 214 134 422 187 263 183 393 31 119 427 320 451 270 2 356 217 310 228 125 180 340 318 261 317 298 127 473 131 241 435 184 150 29 461 298 244 109 409 461 374 97 40 90 166 339 251 428 408 273 418 357 67 389 136 458 336 329 247 470 398 76 354 211 9 393 210 245 84 314 223 436 458 310 192 321 195 189 334 250 351 435 245 435 230 173 269 212 263 8 125 235 232 149 226 465 286 23 241
165 252 393 6 112 410 289 345 489 459 93 401 256 218 198 280 301 416 47 487 27 107 213 188 460 79 187 457 268 395 6 20 227 366 157 46 51 97 73 126 187 379 27 12 114 95 98 310 28 459 310 398 11 408 340 178 234 410 445 473 117 3 311 396 427 224 94 447 333 225 15 358 14 345 486 450 365 116 246 137 495 431 28 70 451 445 44 204 164 312 111 467 418 310 57 451 235 106 7 206 321 86 237 161 447 335 22 107 359 490 251 485 171 302 254 226 137 283 181 177 188 33 3 297 423 231 460 303 424 32 10 111 422 479 285 255 490 444 392 47 60 88 370 311 492 11 66 320 139 3 237 366 47 342 109 395 61 164 154 334 463 317 387 252 463 24
166 121 308 222 205 396 41 344 124 498 68 254 491 107 461 236 184 296 457 180 343 404 455 150 492 139 322 487 194 418 455 292 171 76 125 64 249 57 398 345 408 270 112 310 340 481 248 469 194 129 272 87 400 160 303 276 198 469 221 85 266 85 479 39 69 173 442 37 200 415 334 171 270 136 237 483 346 111 343 159 363 126 377 104 428 235 274 477 97 261 389 46 371 342 284 324 344 406 57 292 375 263 191 417 283 314 202 146 476 467 370 117 215 375 451 101 417 157 290 391 395 489 49 259 226 302 478 392 13 78 315 119 485 343 411 148 472 425 91 486 215 332 268 74 402 429 182 268 61 91 179 336 279 4 434 76 401 243 446 324 204 280 34 420 75 175 341
167 324 227 425 175 111 362 84 401 361 196 178 359 332 177 29 220 242 142 457 343 235 465 236 328 286 318 241 451 400 188 387 64 445 337 241 203 233 190 74 361 140 433 40 301 354 263 301 317 236 94 228 300 300 57 293 405 430 38 409 416 236 483 408 149 110 434 452 398 329 264 74 501 129 303 336 482 377 473 175 348 26 449 314 12 424 229 321 118 77 66 215 433 327 406 59 284 370 382 32 205 279 219 436 454 183 228 408 20 130 67 451 179 163 288 258 295 83 287 73 473 52 322 454 214 174 73 325 106 402 424 189 490 40 44 241 424 148 212 439 474 483 135 360 377 491 213 408 350 17 464 204 207 232 20 359 464 112 3 49 206 287 77 105 283 342 446 119
168 302 243 258 313 208 313 132 391 75 161 472 376 474 166 254 193 5 398 389 455 50 156 203 485 55 50 385 169 346 159 397 6 11 305 150 184 418 222 317 312 10 449 243 336 313 62 62 18 441 180 330 276 186 363 142 44 90 442 401 2 205 225 70 302 356 431 216 405 457 418 339 227 144 288 17 268 458 446 465 486 163 50 89 422 164 432 133 504 57 399 474 105 105 321 26 86 57 361 164 145 38 407 46 418 299 201 458 404 108 72 386 236 44 270 348 402 173 75 383 410 317 174 36 82 188 489 5 444 305 19 142 476 40 397 487 242 276 86 255 37 478 61 246 194 20 454 427 421 141 186 68 93 328 411 102 262 133 12 361 192 395 434 207 275 406 34 141 319
171 284 168 506 310 329 471 219 166 488 399 408 425 491 473 217 496 249 403 59 16 406 80 430 445 379 169 298 487 339 366 453 38 151 486 362 79 210 2 269 375 207 471 74 294 501 476 359 27 338 429 361 153 453 241 103 482 306 467 213 250 415 55 38 326 31 460 317 163 307 291 279 160 395 300 483 191 66 492 21 311 181 302 147 90 499 44 442 167 140 120 359 418 389 249 37 375 505 203 106 295 314 409 419 133 402 217 59 462 3 359 253 296 9 270 31 185 503 243 424 289 59 374 288 101 276 23 432 424 127 255 96 330 30 392 39 308 75 330 85 182 139 310 364 467 368 197 74 413 183 345 29 213 322 282 90 452 298 360 231 170 235 227 130 282 226 64 86 57 469 299 29
174 266 296 427 225 404 93 403 206 453 394 403 415 402 475 282 480 441 421 284 474 65 503 449 86 507 426 245 249 504 332 229 331 466 8 407 66 396 60 464 284 314 413 428 350 298 486 379 190 166 501 274 99 412 147 447 383 388 4 158 349 323 154 215 509 189 98 46 465 68 11 326 275 195 88 79 350 72 53 446 11 175 187 264 6 147 153 274 161 190 377 36 8 104 499 501 53 139 203 286 432 440 457 411 480 188 271 259 71 307 176 47 67 423 17 78 220 46 476 94 384 322 234 5 91 480 276 204 3 21 445 381 27 191 26 416 329 437 370 309 200 80 458 377 349 337 104 446 9 312 500 154 192 353 256 287 132 288 371 231 222 82 39 493 339 402 158 110 229 344 452 418 477 499 454
180 35 126 391 199 231 262 26 70 58 33 129 188 379 495 4 96 535 335 153 484 109 132 411 419 197 431 478 105 273 234 257 95 337 185 437 41 225 198 364 506 142 70 182 145 493 67 305 34 504 79 474 224 67 159 210 411 30 264 107 350 435 387 42 412 420 511 510 474 181 439 503 402 326 439 70 532 120 415 189 448 270 349 22 149 183 152 63 285 483 128 378 272 481 172 167 254 263 210 85 293 46 529 55 469 507 465 56 471 69 138 415 421 108 19 67 205 509 246 69 508 67 303 503 410 418 491 333 495 351 476 289 231 257 226 495 87 334 467 139 388 61 334 328 383 290 348 277 204 117 509 232 424 247 440 524 33 271 382 181 215 419 184 249 70 146 118 425 104 485 120 27 463 395 445 277 409 46 235 151 335
181 375 41 263 150 249 343 42 434 509 91 66 257 152 425 472 344 380 402 485 102 344 302 388 388 170 71 289 430 499 280 276 100 439 300 328 84 345 527 359 395 419 136 294 270 330 21 161 136 527 164 269 157 289 464 254 175 49 92 476 408 318 465 98 105 522 207 340 28 393 436 388 182 244 406 89 65 248 517 59 336 176 374 502 350 366 441 321 329 57 77 391 522 198 288 247 188 72 48 94 527 100 505 182 404 532 97 467 104 205 246 269 125 512 445 223 278 422 119 243 370 256 536 364 358 91 438 26 8 120 56 381 112 476 340 65 40 106 91 312 323 515 146 271 542 502 471 52 543 225 222 353 483 15 271 277 106 154 454 527 349 292 520 288 228 126 188 279 331 61 53 356 180 274 489 473 504 447 317 221 252 78
182 44 97 462 66 96 196 258 212 427 450 524 376 149 69 182 457 97 44 158 80 171 66 242 408 453 526 182 296 313 134 304 437 93 57 357 155 375 496 65 363 287 451 320 194 528 124 234 81 485 319 284 165 254 495 507 171 468 337 20 205 153 524 309 329 146 524 154 534 36 96 170 7 97 320 506 213 353 115 42 87 390 440 83 199 538 523 1 515 287 63 429 366 145 351 118 283 483 155 327 35 92 394 395 463 274 461 60 226 449 14 473 227 286 522 42 119 301 31 534 152 6 322 226 84 474 511 87 448 415 53 192 416 81 185 504 515 57 380 56 166 415 110 320 101 154 177 481 397 498 311 404 21 464 10 336 488 277 352 512 364 209 98 313 126 184 540 11 295 532 37 272 187 273 458 309 385 248 446 447 237 110 95
184 236 420 543 256 58 265 70 230 312 349 323 199 91 137 25 54 363 482 466 316 232 228 184 2 307 216 73 259 342 8 373 66 177 513 535 517 212 409 208 393 94 212 462 535 115 151 514 309 439 374 320 357 418 209 394 147 79 341 396 265 215 547 392 471 124 192 18 70 435 426 188 71 132 318 155 373 65 295 93 415 122 23 450 6 502 446 486 371 478 195 325 413 70 86 472 166 215 447 304 316 203 62 190 311 267 549 126 165 314 337 185 521 552 537 143 491 547 301 163 45 466 345 540 545 182 54 158 238 39 404 14 322 41 33 455 113 16 538 390 311 388 532 413 374 425 454 435 207 453 15 225 273 464 18 407 366 32 464 274 335 106 178 205 328 304 272 475 463 94 331 397 229 294 181 39 365 355 116 115 357 339 350 293 109
191 126 24 528 250 136 407 509 163 333 452 544 258 444 296 476 402 210 438 85 112 448 101 389 4 552 451 186 148 94 417 396 416 289 136 84 274 250 561 317 196 538 147 230 318 311 45 367 339 218 374 3 355 8 377 358 323 452 550 498 352 144 9 527 299 325 193 527 129 311 99 285 103 320 82 185 145 272 544 171 467 72 302 51 92 288 8 297 402 390 191 233 3 208 360 450 230 547 229 212 519 77 145 32 417 528 403 47 308 326 364 517 180 71 95 471 38 379 466 25 224 255 250 15 560 289 248 250 400 501 226 447 497 41 270 383 403 238 478 210 154 219 264 175 225 399 540 34 470 366 558 314 189 303 276 42 492 519 362 338 199 482 325 305 507 365 532 223 103 114 98 87 412 18 406 376 106 428 356 271 566 345 302 352 234 296 170 296 78 390 139 533
193 19 523 400 572 157 283 356 378 267 64 406 463 124 359 39 279 438 204 90 286 142 215 423 576 85 239 44 205 179 37 76 298 118 111 489 442 205 145 128 496 457 249 32 26 407 169 292 58 370 375 10 224 400 503 323 442 66 163 73 472 400 213 394 21 6 543 117 171 87 293 137 382 213 122 98 521 510 292 127 326 316 5 466 66 419 286 232 152 78 355 36 69 404 115 231 387 477 226 145 184 385 534 575 368 15 141 510 194 571 359 100 396 446 325 81 107 144 559 441 538 330 158 75 49 55 26 550 291 442 287 441 177 522 351 454 367 63 180 508 74 336 338 533 320 431 271 140 571 196 526 528 182 40 515 75 289 511 385 25 176 404 464 310 79 144 511 564 347 422 125 139 456 319 538 212 536 276 429 230 415 558 389 250 427 459 67 63 212 464 35 325 413 494
194 62 499 400 45 241 185 3 82 319 18 332 502 335 450 454 354 554 397 522 543 350 5 431 217 171 141 279 405 147 498 2 15 457 464 188 431 95 365 517 226 298 186 312 100 337 391 84 540 222 387 556 414 263 240 504 330 287 276 119 20 274 391 420 298 304 571 402 210 274 327 159 71 436 220 140 445 84 455 132 316 81 138 505 329 351 68 23 77 501 290 433 181 291 462 215 139 322 556 251 253 440 92 343 348 546 463 335 73 573 366 6 17 554 86 404 11 535 430 345 356 343 216 261 508 208 545 479 373 217 412 569 122 269 83 228 279 464 82 239 473 500 42 36 244 167 118 577 99 469 45 227 578 471 277 303 449 160 237 64 224 426 309 286 289 274 267 85 10 232 294 446 132 430 182 66 334 483 514 509 208 38 148 318 295 303 382 338 351 15 417 444 283 513 515
200 22 243 296 377 373 519 277 59 227 323 270 558 324 42 544 353 217 270 150 422 136 597 481 149 274 314 300 598 62 177 167 284 79 46 255 172 472 522 16 90 362 501 483 143 79 503 450 420 72 368 546 358 110 514 365 288 251 535 555 369 403 356 73 510 474 360 376 304 453 160 311 356 395 290 528 207 151 371 398 13 477 52 399 282 29 355 578 75 377 76 73 519 538 127 373 243 236 485 458 116 84 239 435 178 375 340 288 562 509 563 427 203 409 376 514 14 87 129 597 574 344 247 258 173 512 413 521 50 223 397 193 532 411 538 163 396 277 26 11 241 382 93 487 129 474 434 128 443 28 354 331 327 212 594 574 67 197 239 151 521 524 420 168 408 105 224 160 496 187 136 525 519 559 488 361 347 179 529 150 140 369 593 501 593 117 330 509 82 54 505 493 314 243 343 317 295 322 539 270 488
200 584 429 383 473 464 332 555 525 96 208 473 225 408 100 189 129 32 306 415 248 415 250 599 78 553 220 343 118 205 284 479 132 208 94 84 42 157 62 45 95 463 569 423 456 291 367 241 172 190 164 237 210 596 113 106 589 377 189 434 129 161 188 314 54 367 583 519 215 338 339 179 460 418 251 227 461 364 120 423 497 591 481 206 515 21 464 16 574 555 549 293 79 600 365 72 171 299 327 202 295 217 342 123 192 443 43 116 50 220 306 27 142 166 343 27 77 242 367 482 521 502 63 480 98 192 498 89 528 316 289 99 268 130 598 351 466 189 552 62 335 431 470 329 421 131 371 86 384 175 347 85 128 295 277 201 488 104 218 237 64 80 591 51 258 417 334 409 272 240 512 325 61 367 352 154 543 105 168 89 112 600 439 389 186 260 46 110 53 246 297 61 184 432 43 78 207 410 469 30 293
201 351 575 290 535 346 579 143 581 249 474 573 233 322 308 105 522 564 128 153 261 563 507 511 109 212 537 586 212 500 152 35 309 232 438 34 383 491 450 133 538 137 104 509 34 454 184 17 135 297 600 247 226 414 406 488 278 223 484 125 428 85 504 552 321 500 355 586 591 244 598 482 93 202 272 355 15 481 571 376 371 320 165 316 145 286 450 374 308 548 350 33 290 358 356 111 448 111 549 152 295 508 418 179 415 569 248 561 111 235 401 346 368 224 176 225 114 362 429 542 321 7 388 74 392 353 509 396 54 107 369 599 59 589 347 148 121 423 426 164 405 417 211 125 565 472 155 532 56 74 587 369 462 155 170 489 59 575 190 340 586 188 228 270 199 209 433 190 177 568 503 147 95 16 157 191 118 237 518 377 194 584 94 236 187 364 187 404 602 151 143 400 371 281 305 508 534 268 78 239 263 590
203 513 90 334 415 511 583 581 284 53 586 172 298 96 52 537 526 598 299 64 601 520 473 439 154 79 127 247 24 444 519 487 21 76 262 183 260 517 461 253 255 512 560 460 252 496 376 330 182 516 42 439 583 298 26 471 488 152 382 583 3 569 603 141 468 483 240 359 446 489 238 503 285 185 237 155 288 306 557 209 15 35 407 400 344 387 481 432 2 98 168 123 372 485 490 224 238 215 317 136 262 77 575 36 586 118 392 247 175 351 423 181 17 24 39 22 159 440 467 91 194 187 513 231 389 256 424 119 496 230 88 600 305 562 168 6 103 316 370 558 498 239 463 284 46 106 37 603 12 356 410 474 136 583 224 304 437 519 34 468 564 284 431 434 375 496 505 238 256 589 520 565 15 466 430 446 281 249 263 136 33 540 493 318 334 17 473 484 383 164 556 240 278 585 378 446 509 286 559 9 26 159 365 565
